0000000000000000000000000000000000000000
1111111011100000000000000000000000000000
1111111100110100000000000000000000000000
1111111100101100000000000000000000000000
1111111101010100000000000000000000000000
1111111101011100000000000000000000000000
1111111111110101000010000010000000000000
1111111100111000000000000000000000000000
1111111110000000000000000000000000000000
0000000000000000000000000000000000000000
0000000000000000000000000000000000000000
1111111011101000000011000000000000000000
1111111000110000000000001110001000000000
0000000000000000000000000000000000000000
0000000000000000000000000000000000000000
0000000000000000000000000000000000000000
0000000000000000000000000000000000000000
0000000000000000000000000000000000000000
0000000000000000000000000000000000000000
1111111111101000000001110010000000001000
0000000000000000000001101010000000000000
1111111111100000000000001100000000000000
1111111110000000000001110000000000000000
0000000000000000000000000000000000000000
1111111100000000000000000000000000000000
1111111011000000001000100000000000100111
0000000000000000000000000000000000000000
1111111011101000000111100000000000000000
1111111111101000000000010010000000000000
1111111111011000000000010000001100000000
0000000000000111110001100000000000000000
1111111100001000000000000000000000000000
1111111111110100000000000010000000000000
1111111111011000000001110000001000000000
1111110110100101000010000010000000000000
0000000001000000000000001110001000000000
1111110110101101000010000010000000000000
0000000000001000000000001110001000000000
0000000000100000000010000010000000000000
0000000000010000000010000011010000000000
0000000000000101000010000010001001000000
0000000000001101000010000010001000000000
0000000000011000000000001110001000000000
0000000000101000000000001111001000000000
0000000001011000000010010010000000000000
0000000001001000000010010011010000000000
0000000000111101000010000010001001000000
0000000001000101000010000010001000000000
0000000001010000000000001110001000000000
0000000001100000000000001111001000000000
0000000000011000000010100010000000000000
0000000010011000000000001110001000000000
0000000000000000000000000000000000000000
0000000001010000000010110010000000000000
0000000010000000000000001110001000000000
0000000000000000000000000000000000000000
0000000010101000000011110010000000000000
0000000010100000000100000010001000000000
0000000010000000000011000010001000000000
0000000001111000000011010010001000000000
0000000001110000000011100010001000000000
0000000010110000000000001110001000000000
0000000011000000000011110010000000000000
0000000010111000000100000010001000000000
0000000010011000000011000010001000000000
0000000010010000000011010010001000000000
0000000010001000000011100010001000000000
0000000011001000000000001110001000000000
0000000011011000000101000010000000000000
0000000011010000000101010010001000000000
0000000010110000000100010010001000000000
0000000010101000000100100010001000000000
0000000010100000000100110010001000000000
0000000011100000000000001110001000000000
0000000011110000000101000010000000000000
0000000011101000000101010010001000000000
0000000011001000000100010010001000000000
0000000011000000000100100010001000000000
0000000010111000000100110010001000000000
0000000011111000000000001110001000000000
0000000100001000000110010010000000000000
0000000100000000000110100010001000000000
0000000011100000000101100010001000000000
0000000011011000000101110010001000000000
0000000011010000000110000010001000000000
0000000100010000000000001110001000000000
0000000100100000000110010010000000000000
0000000100011000000110100010001000000000
0000000011111000000101100010001000000000
0000000011110000000101110010001000000000
0000000011101000000110000010001000000000
0000000100101000000000001110001000000000
0000000100111000000111100010000000000000
0000000100110000000111110010001000000000
0000000100010000000110110010001000000000
0000000100001000000111000010001000000000
0000000100000000000111010010001000000000
0000000101000000000000001110001000000000
0000000101010000000111100010000000000000
0000000101001000000111110010001000000000
0000000100101000000110110010001000000000
0000000100100000000111000010001000000000
0000000100011000000111010010001000000000
0000000101011000000000001110001000000000
0000000101101000001000110010000000000000
0000000101100000001001000010001000000000
0000000101000000001000000010001000000000
0000000100111000001000010010001000000000
0000000100110000001000100010001000000000
0000000101110000000000001110001000000000
0000000110000000001000110010000000000000
0000000101111000001001000010001000000000
0000000101011000001000000010001000000000
0000000101010000001000010010001000000000
0000000101001000001000100010001000000000
0000000110001000000000001110001000000000
0000000110011000001010000010000000000000
0000000110010000001010010010001000000000
0000000101110000001001010010001000000000
0000000101101000001001100010001000000000
0000000101100000001001110010001000000000
0000000110100000000000001110001000000000
0000000110110000001010000010000000000000
0000000110101000001010010010001000000000
0000000110001000001001010010001000000000
0000000110000000001001100010001000000000
0000000101111000001001110010001000000000
0000000110111000000000001110001000000000
0000000010000101000010000010000000000000
0000000000000000000000000000000000000000
0000000111101000000000001111000000000000
0000000111011101000010000010000000001000
0000000111100000000000001110001000000000
0000000111001101000010000010000000000000
1111111111101000001010110010001001100111
0000000111010000000000001110001000000000
0000000111101101000010000010001001001000
0000000111101101000010000010000000000000
0000000111010000000000001110001000100111
1111111111101000001010100010000000000000
0000000111100000000000001110001000100111
0000000111100101000010000010000000001000
1111111111111101000010000010001001000000
0000000111100000000000001110001000100110
0000000111010101000010000010000000000000
0000000111000000000000001110001000000000
0000000010011101000010000010000000000000
0000000000000000000000000000000000000000
0000001000011000000000001111000000000000
0000001000001101000010000010000000001000
0000001000010000000000001110001000000000
0000000111111101000010000010000000000000
1111111111101000001011010010001001100111
0000001000000000000000001110001000000000
0000001000011101000010000010001001001000
0000001000011101000010000010000000000000
0000001000000000000000001110001000100111
1111111111101000001011000010000000000000
0000001000010000000000001110001000100111
0000001000010101000010000010000000001000
1111111111111101000010000010001001000000
0000001000010000000000001110001000100110
0000001000000101000010000010000000000000
0000000111110000000000001110001000000000
0000001001010000001011100010000000000000
0000001001000101000010000010001000000000
0000001001001000000000001110001000000000
0000001001001101000010000010000001000000
0000000110100101000010000010001000000000
0000001000100000000000001100000000000000
0000001001010111111111110010001001000000
0000001000110000000000001110001000000000
0000001000110000001011100010000000000000
0000001001010101000010000010001000000000
0000001001011000000000001110001000000000
0000001001110000001011100010000000000000
0000001001100101000010000010001000000000
0000001001101000000000001110001000000000
0000001001101101000010000010000001000000
0000000110111101000010000010001000000000
0000001000100000000000001100000000000000
0000001001110111111111110010001001000000
0000001000111000000000001110001000000000
0000001000111000001011100010000000000000
0000001001110101000010000010001000000000
0000001001111000000000001110001000000000
0000001001011101000010000010001000000000
0000001010010000000000001110001000000000
0000001010100000001100100010000000000000
0000001010011000001100110010001000000000
0000001010010000001011110010001000000000
0000001010001000001100000010001000000000
0000001010000000001100010010001000000000
0000001010101000000000001110001000000000
0000001010101000000000001100000000000000
0000001010101111111111110010000000000000
0000001011100000000000001110001000000000
0000001011101000000000001111001000000000
0000001011000101000010000010000000000000
0000001011000000010101010010001001000000
0000001011101000010101010010001000000000
0000001010110101000010000011010000000000
0000001010110000010101010010001001000000
0000001011100000010101011000001000000000
0000001011100000010101010010001000000000
0000001010111000000000001110001000000000
0000001011001000000000001111001000000000
0000001011110000000000001111011000000000
0000001011110101000110100010000000000000
0000001011111000000000001110001000000000
0000001100000000000000001111001000000000
0000001011111000000000001100000000000000
0000000000000000000000000000000000000000
0000000000000000000000000000000000000000
0000000000000000001101011010000100000000
1111111111100101000010000010000000000000
0000000000000000001101001010000100000000
1111111111100101000010000010001001000000
0000001011010000000000001110001000000000
0000001100000000000000001100000000000000
0000001011010111111111110010000000000000
1111111111100101000010000010001000000000
0000001000101000000000001110001000000000
0000000111000101000010000010000000000000
1111111111011000010101100000001000000000
0000001100001000000000001110001000000000
0000000111110101000010000010000000000000
1111111111011000010101110000001000000000
0000001100010000000000001110001000000000
0000001000110101000010000010000000000000
0000001000111101000010000010001001000000
0000001100110000000000001110001000000000
0000001101001000010110010010000000000000
0000001100111000010110010011010000000000
0000001100110000010110100010001000000000
0000001100101000010110110010001000000000
0000001101000000000000001110001000000000
0000001101010000000000001111001000000000
0000001101101000010111000010000000000000
0000001101011000010111000011010000000000
0000001101000000010111010010001000000000
0000001100111000010111100010001000000000
0000001101100000000000001110001000000000
0000001101110000000000001111001000000000
0000001101100000010110000010000000000000
0000001000110101000010000010001000000000
0000001100011000000000001110001000000000
0000001000111101000010000010000000000000
0000001101100000010110000010001001000000
0000001100100000000000001110001000000000
1111111111101000100001000010000000000000
0000001111001000000000001110001000000000
0000001111001101000010010010000000000000
0000001111001000000000001110001000000000
0000001111001000000000001100000000000000
0000001100011111111111110010000000000000
0000001100100111111111110010001000000000
0000001111010000000000001110001000000000
0000001111010000000000001100000000000000
0000001111010111111111110010000000000000
0000001111110000000000001110001000000000
0000001111111000000000001111001000000000
0000001110011101000010000010000000000000
0000001110011000100000010010001001000000
0000001111111000100000010010001000000000
1111111111011000100001110000001000000000
0000001110001101000010000011010000000000
0000001110001000100000010010001001000000
0000001111110000100000011000001000000000
1111111111011000100001100000001000000000
0000001111110000100000010010001000000000
0000001110010000000000001110001000000000
0000001110100000000000001111001000000000
0000010000000000000000001111011000000000
0000001110111101000010000010000000001000
0000001111000000000000001110001000000000
0000001110101101000010000010000000000000
1111111111101000100000110010001001100111
0000001110110000000000001110001000000000
0000010000000101000010000010001001001000
0000010000000101000010000010000000000000
0000001110110000000000001110001000100111
1111111111101000100000100010000000000000
0000001111000000000000001110001000100111
0000001111000101000010000010000000001000
1111111111111101000010000010001001000000
0000001111000000000000001110001000100110
0000001110110101000110100010000000000000
0000010000001000000000001110001000000000
0000010000010000000000001111001000000000
0000010000001000000000001100000000000000
0000000000000000000000000000000000000000
0000000000000000000000000000000000000000
0000000000000000011000001010000100000000
1111111111100101000010000010000000000000
0000000000000000010111111010000100000000
1111111111100101000010000010001001000000
0000001111011000000000001110001000000000
0000010000010000000000001100000000000000
0000001111011111111111110010000000000000
1111111111100101000010000010001000000000
0000001111101000000000001110001000000000
0000001111101000000000001100000000000000
1111111111011000100010010000001000000000
0000001111001101000001110010000000000000
0000001111001000000000001110001000000000
0000001111001111111111110010000000000000
0000001111101000000000001110001000000000
0000001111101000000000001100000000000000
1111111111011000100010000000001000000000
0000001100011111111111110010000000000000
0000001101111000000000001110001000000000
0000001100100111111111110010000000000000
0000001110000000000000001110001000000000
0000001101111101000010000010000000000000
1111110110110000000000001110001000000000
0000001110000101000010000010000000000000
1111110110111000000000001110001000000000
0000000000000000000000000000000000000000
1111111000110000000000000000000000000000
0000000000000000000000000000000000000000
1111111011000000000011110000000000000000
0000000000000000000000000000000000000000
